3
22
59
111
218
230
231
241
252
253
259
303
326
329
358
366
381
395
409
416
452
477
491
498
525
536
559
580
603
623
634
639
675
680
688
695
698
703
738
741
755
790
793
797
813
824
826
833
886
904
919
962
973
1009
1022
1071
1089
1111
1115
1118
1128
1156
1166
1167
1198
1200
1218
1228
1274
1308
1311
1317
1335
1339
1375
1376
1388
1393
1414
1422
1429
1458
1482
1505
1537
1571
1578
1607
1613
1616
1626
1628
1632
1641
1656
1660
1734
1736
1760
1778
1787
1793
1794
1806
1818
1819
1832
1840
1844
1867
1868
1883
1913
1921
1956
2000
2049
2053
2075
2143
2145
2148
2158
2175
2188
2217
2237
2280
2346
2354
2360
2367
2369
2375
2386
2404
2425
2435
2442
2519
2520
2524
2582
2592
2605
2615
2625
2633
2649
2650
2651
2652
